============================================================
Routing Analysis Summary
============================================================

total_tokens_processed: 10240000
tokens_in_this_run: 5120000
unique_tokens_seen: 23978
avg_entropy: nan
avg_confidence: 0.4856418253660202
layer_analyzed: 15

============================================================
Top 20 Most Frequent Tokens
============================================================

    token_id token_str  frequency  mean_entropy  std_entropy  mean_confidence  std_confidence  routing_consistency  top_expert  min_entropy  max_entropy
0          2      </s>    4236094      1.793114     0.285011         0.284629        0.159507             0.500000           1     1.505859     2.078125
1      28723         .     224228           NaN          NaN         0.386757        0.300351             0.561781           0     0.036957     2.078125
2      28725         ,     190320      1.660693     0.498511         0.366785        0.244871             0.593364           0     0.058777     2.078125
3        272       the     184938      1.866422     0.280932         0.270364        0.155957             0.361992           0     0.080566     2.080078
4        304       and     124540           NaN          NaN         0.319407        0.190205             0.457716           6     0.054291     2.080078
5        298        to     116278      1.726540     0.402399         0.349734        0.225304             0.461506           6     0.191406     2.080078
6        302        of     101480      1.699339     0.421251         0.345486        0.219708             0.511066           5     0.203979     2.080078
7        264         a      89894      1.944585     0.173666         0.230959        0.108331             0.247325           6     0.137085     2.080078
8         13        \n      88916           NaN          NaN         0.328027        0.251338             0.485278           0     0.169434     2.074219
9        297        in      70452      1.658129     0.477338         0.373073        0.253400             0.419378           5     0.057251     2.080078
10     28705                63152           NaN          NaN         0.369373        0.286245             0.507379           1     0.048889     2.080078
11       349        is      50214      1.730192     0.393669         0.353280        0.230990             0.476998           2     0.187256     2.080078
12       354       for      46062      1.696719     0.437461         0.357568        0.237176             0.442317           6     0.108093     2.080078
13     28734         0      44962      1.836699     0.291008         0.275348        0.153340             0.408100           1     0.082886     2.080078
14     28733         -      40812           NaN          NaN         0.310441        0.190626             0.397163           0     0.052856     2.080078
15     28740         1      39442      1.889075     0.237358         0.257223        0.131684             0.456189           1     0.090210     2.080078
16     28713         s      39316      1.745144     0.466445         0.329142        0.235146             0.317123           6     0.035492     2.078125
17       368       you      38510      1.804602     0.330374         0.311343        0.196550             0.446845           4     0.197754     2.080078
18       369      that      35626      1.851923     0.280861         0.280041        0.164847             0.405294           6     0.368408     2.080078
19       395      with      34822      1.675253     0.444308         0.350751        0.228284             0.379789           6     0.149780     2.080078